data = [-10.5831652360328
12.6139993970066
24.5782343951197
-10.2227453172471
5.27722340886092
-9.28079562950804
8.05058074503135
17.1142158457746
-12.8508249289832
-7.99436027695545
-16.3191206127372
45.5597810485178
31.3865070607497
20.8097889262338
10.9661333715357
-2.47070610762611
18.2673084956992
-2.38036851163015
7.87390992006088
-9.87694779144105
-14.2999555822383
16.2636401413274
14.4771163311803
5.51511398210262
-2.23766298644086
-15.5761274324674
23.4329584257172
10.1373546863914
5.64326637638997
-21.2070599522996
-32.8830262952297
8.60155696992513
11.3663199423034
-2.34423293190357
13.8095356208925
-0.851201427824299
20.775610030954
21.9436822061361
10.8700703784366
-5.50162163224607
-24.2185143623555
19.7292638571266
9.77357434628776
3.29910348740558
13.4144010389515
-1.85411963658743
7.85197392376887
0.12273905090697
-6.91857413443639
-2.3093737778613
-31.6151076727569
23.7409691371155
1.74004081078146
22.7483329021262
2.58280444496075
2.20901984143115
-7.40698300882322
13.4912335874586
18.682433006099
-16.7285241003683
-23.6168776942883
1.96038440501908
10.8868553014741
7.35773875367682
-5.64887641714344
-1.05374669114835
21.329062522281
21.156774618131
16.805330041817
-14.0998161569059
-14.2098959542522
30.50402269232
6.11730330038416
-6.00921803262403
-3.09647994544282
-11.02292807105
9.1177865443971
10.4677436499774
19.0394599463463
1.35022260752605
-38.3621679698737
26.9391402982473
13.7546644620285
-19.7371390788128
-8.61790228510767
-9.80898809181159
-2.10368056438405
16.2747689034285
5.61902406817824
-24.5220719275153
-20.7193002823174
23.3347543460292
4.43603247782308
-0.98706602582263
-4.73271224092846
-30.9163191473201
-12.1686753638642
0.175886665243942
8.27259624505647
-5.12140223667653
-11.1321913282432
33.8940842038069
13.1429322819569
7.2722465326844
10.7916788693271
-17.9645353508578
18.374984755174
2.2919180512987
15.4185059535064
-18.0518628470581
-12.6127563936352
16.202983301272
40.6258293573833
-13.752980370392
5.11217894706556
-8.62222779986209
25.5654825765534
23.5094920434946
25.8084037735221
-20.873428125391
-12.7561842721111
28.7326592713854
12.7995572990287
10.4168820692648
-0.678567038827543
-13.2611203018945
-4.11977491496114
16.2557595497093
25.2238109376022
-9.10519139989061
-24.7828271145018
11.6971747831959
15.9013854032412
-4.1840909226707
7.42866102684245
8.78479361096039
7.77780271371616
-1.94163433103685
1.36769484360918
-42.4959029198788
-4.20176034201358
12.3054510142682
3.67969938707829
-13.0926628243713
-1.91111017887462
-0.582457301965786
11.9545480712847
13.9647761158209
-4.46195629335565
-12.2637985596028
-19.0367546589209
8.71205424694136
25.9089996719927
-0.715739748551883
-6.82762546222891
-22.0854909490625
22.0040159210789
13.0073431272193
9.35121269535074
-4.57871934608335
-6.53968511127928
35.9516552080215
-9.22317186856638
5.82447714552165
-11.282341446676
-13.3431456382283
6.80475507513347
21.2256637104545
-17.2206420869881
-14.6014322564138
-14.0131892156499
23.4977702755859
-3.93996371712872
-20.3325547281314
-4.60170606932296
4.36044700579677
8.08678889666257
5.35950796923967
-1.97894155240393
-8.23509610450586
-2.95825779974419
13.9008750977562
28.4542728999901
10.1525606316061
8.09575401880253
8.0514589065034
8.28478010748789
12.4338760805593
21.7490841961085
-1.50827068380175
-20.0276815899944
0.914266063086995
3.04189578148894
10.4173131420257
3.96441162559443
-26.3369676184019
9.16685378795016
24.8146421020263
8.89615790291262
-11.9935321891456
5.38139600052229
18.8347958366309
14.0409265923013
27.8800909352714
-4.00421483751688
5.9700986670651
12.2443385337429
10.4348737573042
13.3525440872956
-5.62112949767616
-3.98204115924282
22.206678064596
8.8708168482266
-0.859975162191219
-9.86779568035861
-7.01052265183603
3.29978052925061
26.5428997119709
-4.96575576438047
-8.36145314479607
-13.5571210632796
19.5394609142611
-9.23605071899253
-3.89553349435309
2.384852086252
-14.6255653390842
12.8977073013397
18.1692800988375
0.419824481178161
-23.6253556305403
-7.69801067730288
11.122336584889
16.3125018701925
-8.9506896717615
-4.21549837694164
0.114003269523488
3.56055566071284
9.65011094950557
0.536305290762449
-3.42683090931556
-21.0822752592205
21.3559836012353
2.51281810474956
2.06573658362617
-13.3826588289509
-3.8614260951755
16.3452862607611
6.38825771904273
-12.5158386457019
-25.5479768612831
-12.8730735408549
22.7657062809934
10.0204063016568
-12.9827163692755
-7.38472226766038
4.66788473057074
6.93105220739142
15.3434306653641
0.462091333640028
-13.3380391800515
-12.9703550073648
17.5962929827621
16.0578349011262
-7.26446724335957
-31.1162778242397
-1.08819702250813
25.8365838066979
-2.03727304875299
2.69130357170654
-14.9888417205727
-26.8239204322402
9.22697683427764
11.112509333691
4.59775680877648
-2.2443724076943
-8.94134191814256
15.2681072384382
9.27792562517334
-9.29118434411045
-4.07529474615967
-11.1144589630764
23.7223460656923
17.5040607495551
-7.38844625603082
-12.9925653924217
-8.01523546507857
14.1053631942763
16.9165295921282
16.2122393400668
-29.8686147461333
-14.5334690962661
21.2005049485863
11.0785850341412
-18.2163061403008
-30.7802055944522
17.6160418186429
20.1518552259019
10.7082712382681
9.95629867568589
-21.7300939715937
-15.6694862525763
25.2741912510732
17.4992892388019
8.24243157260478
-1.03798666861428
14.5828760793829
-0.0995635551882703
12.8268658605736
-8.98764709040129
-8.97873944688532
-7.86467154893499
17.5817518099456
8.37979268758191
25.1521282644094
-2.14412236388038
-20.3131711650291
15.4287167259887
28.1283059003565
-4.15635579242235
-19.5605491015703
4.65347124590107
32.3183197924118
13.4424787617184
-4.56386456883988
-5.13932329766081
1.52435554842183
9.68439377104659
-8.79655137943512
-0.817059128914337
-17.1479246672993
-19.2768154024558
19.675896867561
27.5422034775604
1.34414015014529
1.1284990304238
-9.18715334140144
9.44801708191757
22.8096536099197
-1.58201044048756
-20.8915040763699
-10.1919962622251
14.0806444947339
20.0547983101549
10.4532537913485
-4.84498141322249
2.27056126375208
10.2383473191588
11.7853115773708
9.48291468242111
-1.63554726591727
-6.3981871415954
9.0185998425183
2.53896102194086
9.10436670421664
2.00423206355326
-9.91912711478203
31.1219962318541
-0.141513915435496
1.93144716066321
-8.82170131925604
1.61519105856161
30.949690086005
26.9879568485912
-1.52653717753334
-1.51511334669501
13.3987442373481
3.87742556179457
6.64860155739063
13.8108415555651
-25.7145555204162
-12.3281199410288
11.449944048394
16.4559847997425
-7.32690670623263
-24.3319367068673
7.38985680063396
15.2078665886481
6.07237555119663
16.2895381944877
-20.8715943100376
-11.0594841206162
28.4507001750036
-2.79427520694264
5.35692274145696
-9.2295353282153
-11.66150685585
16.1507258002369
17.9183145497178
6.73588982404021
-23.7476588769132
-5.97847924810949
19.6449880424521
4.95649076646595
14.3898415971223
4.58546061397981
-6.53804569736366
22.3616245797498
5.33029004566358
15.6960607686729
-4.42447551699505
-9.27336637891985
19.4498264526751
5.09800997895817
-0.731135260978504
-18.6607531825254
-19.1528826325545
10.2008240752196
-5.58435489089982
2.46347736704431
-10.6929135223513
-16.1701898223547
17.3303584148417
7.70123795775571
6.94185156930264
13.9077490489289
6.75110898949806
-6.88301500049736
8.7497060512331
17.9970677490877
-20.3282395704714
-1.86447727117928
-4.92803593233123
20.8536596581796
18.5911216358016
1.72428612066056
4.32304957734276
7.06602481933909
12.8767236370075
6.41036837610796
-9.75157989645194
-30.8294272976758
17.6357568126445
11.8174419750934
2.78255066159839
11.5180378834574
0.282290283893237
5.51205089533044
5.18023155027296
-9.39532094907005
-34.9035129617804
-10.7193092242694
4.33225552519299
14.270641668032
22.9440961554513
-3.02738900478147
10.8953627292184
5.69926895333582
11.4906468667057
16.3297292870168
4.64322190913355
-17.276077416645
3.68892992307887
-2.2498041822035
-21.0433764563887
15.6199441536188
8.68799474974903
-8.39828257794655
-1.43919225134489
0.521050672064669
2.14435149780336
